22 33
6 2 7 13
5 1 2 5 12
5 1 1 3 12
4 1 9 1 12
4 2 4 1 12
4 1 1 12
3 3 3 2 11
3 4 4 3 9
2 1 1 1 1 3 4 8
2 2 1 2 7
1 1 2 7
4 1 2 6
1 5 2 1
4 2 2 4
3 1 5 2 2 2
11 2 1
1 2 1
1 1 3
2 1 1 2 4
1 2 1 1 2 3
2 6 1 5
7 4 9 4
10 1 1
10 1 1 1
8 1 1 1
6 5 1
3 3 2 1
1 4 1 1
4 3 1 1
1 2 4
2 1 3
3 1 2 2
1 1 2 1
2 1 1 1 3
2 1 3 1 2
2 2 2 1 1
2 2 2 1 1
2 2 2 1 3
1 2 1 2 2
1 2 1 2 1
1 1 3 1
7 3 2
1 7 1 2 1
6 1 1 1
7 2 1
7 3 2
8 5 3
9 9
11 2 1
12 1 2
12 2 2
12 1 2 1
12 1 2 1
12 2 2 1
13 4 1